475460
234030
008970
463020
388610
071090
462310
0037T0
201490
199480
042940
462860
038110
004140
308100
009070
131400
049470
064260
452400
011080
236810
419120
376180
200230
331740
408900
187660
260930
014970
101670
054920
000545
441270
093240
068330
032940
455180
009730
177900
340440
396300
099440
170030
452160
148780
900110
234100
019990
093520
008970
900110
005930
462860
032820
900270
064260
078130
234030
131400
049470
051980
004140
033340
001510
038110
099440
009730
234100
090710
187660
101670
011930
011080
034020
184230
201490
010140
071090
003280
068330
900300
009070
005880
408900
093240
441270
288330
308100
012800
073570
086960
056090
041190
009830
015760
0041J0
027580
054920
060250